#PAGE=14
X<-2
Y<-5
Z=16+4*X-3*Y
Z
X<--3
Y<--7
Z=16+4*X-3*Y
Z
X<--4
Y<-2
Z=16+4*X-3*Y
Z
