#Page no. 24

PC1<-0.1
PC2<-0.5
PC3<-0.4
PCC1<-0.01
PCC2<-0.03
PCC3<-0.04
PC1C<-(PC1*PCC1)/(PC1*PCC1+PC2*PCC2+PC3*PCC3)
PC1C
#The answer may vary due to difference in representation