#PAGE=129
r<-6
w<-4
b<-5
s<-r+w+b
p1<-r/s
p1
p2<-w/s
p2
p3<-b/s
p3
p4<-1-p1
p4
p5<-1-p3
p5
